    10    3.0    3.0    3.0    3.0    3.0    3.0    3.0   1.35   1.61   1.01
    12    3.0    3.0    3.0    3.0    3.0   1.38   2.25   1.14   1.31   0.97
    14    3.0    3.0    3.0    3.0    3.0   0.76   1.57   1.03   1.17   0.96
    16    3.0    3.0    3.0    3.0    3.0   0.53   1.25   0.98   1.09   0.96
    18    3.0    3.0    3.0    3.0    3.0   0.42   1.07   0.95   1.04   0.96
    20    3.0    3.0    3.0    3.0    3.0   0.36   0.96   0.94   1.01   0.96
    22    3.0    3.0    3.0    3.0    3.0   0.33   0.90   0.93   0.99   0.97
    24    3.0    3.0    3.0    3.0    3.0   0.31   0.86   0.93   0.97   0.97
    26    3.0    3.0    3.0    3.0    3.0   0.30   0.83   0.93   0.96   0.98
    28    3.0    3.0    3.0    3.0    3.0   0.30   0.82   0.94   0.96   0.98
    30    3.0    3.0    3.0    3.0    3.0   0.29   0.81   0.94   0.95   0.98
    32    3.0    3.0    3.0    3.0    3.0   0.30   0.81   0.95   0.95   0.99
    34    3.0    3.0    3.0    3.0    3.0   0.30   0.81   0.96   0.95   0.99
    36    3.0    3.0    3.0    3.0    3.0   0.30   0.82   0.96   0.94   1.00
    38    3.0    3.0    3.0    3.0    3.0   0.31   0.82   0.97   0.94   1.00
    40    3.0    3.0    3.0    3.0    3.0   0.31   0.83   0.98   0.94   1.00
    42    3.0    3.0    3.0    3.0    3.0   0.32   0.84   0.98   0.94   1.00
    44    3.0    3.0    3.0    3.0    3.0   0.33   0.85   0.99   0.94   1.01
    46    3.0    3.0    3.0    3.0    3.0   0.34   0.86   1.00   0.94   1.01
    48    3.0    3.0    3.0    3.0    3.0   0.35   0.87   1.00   0.94   1.01
    50    3.0    3.0    3.0    3.0    3.0   0.36   0.88   1.01   0.94   1.01
    55    3.0    3.0    3.0    3.0    3.0   0.38   0.90   1.02   0.94   1.02
    60    3.0    3.0    3.0    3.0    3.0   0.41   0.93   1.04   0.94   1.02
    65    3.0    3.0    3.0   2.65    3.0   0.44   0.96   1.05   0.94   1.02
    70    3.0    3.0    3.0   2.31    3.0   0.46   0.98   1.06   0.94   1.02
    75    3.0    3.0    3.0   2.06    3.0   0.49   1.00   1.07   0.94   1.03
    80    3.0    3.0    3.0   1.87    3.0   0.52   1.02   1.07   0.94   1.03
    85    3.0    3.0    3.0   1.73    3.0   0.55   1.04   1.08   0.94   1.03
    90    3.0    3.0    3.0   1.61   2.67   0.58   1.06   1.09   0.94   1.03
    95    3.0    3.0    3.0   1.52   2.34   0.61   1.08   1.09   0.94   1.03
   100    3.0    3.0    3.0   1.45   2.09   0.64   1.10   1.10   0.94   1.03
   110    3.0    3.0    3.0   1.34   1.74   0.70   1.12   1.11   0.95   1.04
   120    3.0    3.0    3.0   1.26   1.51   0.76   1.15   1.12   0.95   1.04
   130    3.0    3.0    3.0   1.20   1.35   0.81   1.17   1.12   0.95   1.04
   140    3.0    3.0    3.0   1.16   1.24   0.86   1.19   1.13   0.95   1.04
   150    3.0    3.0    3.0   1.12   1.16   0.91   1.21   1.13   0.95   1.04
   160    3.0    3.0    3.0   1.10   1.10   0.95   1.22   1.14   0.95   1.04
   170    3.0    3.0   2.93   1.08   1.05   1.00   1.24   1.14   0.95   1.04
   180    3.0    3.0   2.61   1.06   1.02   1.04   1.25   1.14   0.95   1.04
   190    3.0    3.0   2.36   1.05   0.99   1.07   1.26   1.15   0.95   1.05
   200    3.0   2.87   2.16   1.04   0.97   1.11   1.27   1.15   0.95   1.05
   210    3.0   2.62   2.00   1.03   0.96   1.14   1.28   1.15   0.95   1.05
   220    3.0   2.41   1.87   1.02   0.95   1.17   1.29   1.15   0.95   1.05
   230    3.0   2.25   1.76   1.02   0.94   1.20   1.29   1.16   0.95   1.05
   240    3.0   2.11   1.67   1.01   0.93   1.23   1.30   1.16   0.95   1.05
   250    3.0   1.99   1.59   1.01   0.93   1.26   1.31   1.16   0.95   1.05
   260    3.0   1.89   1.53   1.00   0.93   1.28   1.31   1.16   0.95   1.05
   270    3.0   1.81   1.47   1.00   0.93   1.30   1.32   1.16   0.95   1.05
   280    3.0   1.73   1.42   1.00   0.93   1.32   1.32   1.16   0.95   1.05
   290    3.0   1.67   1.38   1.00   0.93   1.34   1.33   1.17   0.95   1.05
   300    3.0   1.61   1.34   1.00   0.93   1.36   1.33   1.17   0.95   1.05
   320    3.0   1.52   1.28   0.99   0.93   1.40   1.34   1.17   0.95   1.05
   340    3.0   1.45   1.23   0.99   0.94   1.43   1.35   1.17   0.95   1.05
   360    3.0   1.39   1.19   0.99   0.94   1.46   1.35   1.17   0.95   1.05
   380    3.0   1.34   1.16   0.99   0.95   1.48   1.36   1.17   0.95   1.05
   400    3.0   1.30   1.14   0.99   0.95   1.51   1.36   1.17   0.95   1.05
   420    3.0   1.26   1.11   0.99   0.96   1.53   1.37   1.18   0.95   1.05
   440    3.0   1.23   1.10   0.99   0.97   1.55   1.37   1.18   0.95   1.05
   460    3.0   1.21   1.08   0.99   0.97   1.56   1.38   1.18   0.95   1.05
   480    3.0   1.19   1.07   0.99   0.98   1.58   1.38   1.18   0.95   1.05
   500    3.0   1.17   1.06   0.99   0.99   1.60   1.38   1.18   0.95   1.05
   550   2.48   1.13   1.04   0.99   1.00   1.63   1.39   1.18   0.95   1.05
   600   2.10   1.10   1.02   0.99   1.01   1.66   1.40   1.18   0.95   1.05
   650   1.85   1.08   1.01   0.99   1.03   1.68   1.40   1.18   0.95   1.05
   700   1.67   1.07   1.00   1.00   1.04   1.70   1.40   1.19   0.95   1.05
   750   1.54   1.05   1.00   1.00   1.05   1.72   1.41   1.19   0.95   1.05
   800   1.45   1.04   1.00   1.00   1.05   1.73   1.41   1.19   0.95   1.05
   850   1.37   1.04   0.99   1.00   1.06   1.75   1.41   1.19   0.95   1.05
   900   1.31   1.03   0.99   1.00   1.07   1.76   1.42   1.19   0.95   1.05
   950   1.27   1.02   0.99   1.00   1.08   1.77   1.42   1.19   0.95   1.05
  1000   1.23   1.02   0.99   1.00   1.08   1.78   1.42   1.19   0.95   1.05
  1100   1.17   1.01   0.99   1.00   1.09   1.79   1.42   1.19   0.95   1.05
  1200   1.13   1.01   0.99   1.01   1.10   1.81   1.43   1.19   0.95   1.05
  1300   1.10   1.00   0.99   1.01   1.11   1.82   1.43   1.19   0.95   1.05
  1400   1.07   1.00   0.99   1.01   1.11   1.83   1.43   1.19   0.95   1.06
  1500   1.06   1.00   0.99   1.01   1.12   1.84   1.43   1.19   0.96   1.06
  2000   1.01   0.99   0.99   1.01   1.14   1.87   1.44   1.19   0.96   1.06
  3000   0.99   0.99   1.00   1.02   1.15   1.89   1.44   1.20   0.96   1.06
  5000   0.99   0.99   1.00   1.02   1.17   1.92   1.45   1.20   0.96   1.06
  7000   0.99   0.99   1.01   1.02   1.17   1.93   1.45   1.20   0.96   1.06
  9000   0.99   0.99   1.01   1.02   1.18   1.93   1.45   1.20   0.96   1.06
 10000   0.99   0.99   1.01   1.02   1.18   1.93   1.45   1.20   0.96   1.06
 12000   0.99   0.99   1.01   1.02   1.18   1.94   1.45   1.20   0.96   1.06
 14000   0.99   0.99   1.01   1.02   1.18   1.94   1.45   1.20   0.96   1.06
 16000   0.99   0.99   1.01   1.02   1.18   1.94   1.45   1.20   0.96   1.06
 18000   0.99   0.99   1.01   1.02   1.18   1.94   1.45   1.20   0.96   1.06
 20000   0.99   0.99   1.01   1.02   1.18   1.94   1.45   1.20   0.96   1.06
